+-------------------------------------------------------------------------------------------------------------------+
|                                  Minima of x**3 - x + 1 on the Interval [0, 1.28]                                 |
+-----------+-------+-------+-------+-------+-------+-------+-------+-------+-------+-------+-----------+-----------+
| Iteration |   a   |   x1  |   x2  |   x3  |   b   |  f(a) | f(x1) | f(x2) | f(x3) |  f(b) | Min Point | Min Value |
+-----------+-------+-------+-------+-------+-------+-------+-------+-------+-------+-------+-----------+-----------+
|     1     | 0.000 | 0.320 | 0.640 | 0.960 | 1.280 | 1.000 | 0.713 | 0.622 | 0.925 | 1.817 |   0.640   |   0.622   |
|     2     | 0.320 | 0.480 | 0.640 | 0.800 | 0.960 | 0.713 | 0.631 | 0.622 | 0.712 | 0.925 |   0.640   |   0.622   |
|     3     | 0.480 | 0.560 | 0.640 | 0.720 | 0.800 | 0.631 | 0.616 | 0.622 | 0.653 | 0.712 |   0.560   |   0.616   |
|     4     | 0.480 | 0.520 | 0.560 | 0.600 | 0.640 | 0.631 | 0.621 | 0.616 | 0.616 | 0.622 |   0.560   |   0.616   |
|     5     | 0.520 | 0.540 | 0.560 | 0.580 | 0.600 | 0.621 | 0.617 | 0.616 | 0.615 | 0.616 |   0.580   |   0.615   |
|     6     | 0.560 | 0.570 | 0.580 | 0.590 | 0.600 | 0.616 | 0.615 | 0.615 | 0.615 | 0.616 |   0.580   |   0.615   |
|     7     | 0.570 | 0.575 | 0.580 | 0.585 | 0.590 | 0.615 | 0.615 | 0.615 | 0.615 | 0.615 |   0.575   |   0.615   |
|     8     | 0.570 | 0.573 | 0.575 | 0.577 | 0.580 | 0.615 | 0.615 | 0.615 | 0.615 | 0.615 |   0.577   |   0.615   |
|     9     | 0.575 | 0.576 | 0.577 | 0.579 | 0.580 | 0.615 | 0.615 | 0.615 | 0.615 | 0.615 |   0.577   |   0.615   |
+-----------+-------+-------+-------+-------+-------+-------+-------+-------+-------+-------+-----------+-----------+